0,Atlanta,33.7489924,-84.3902644,0
1,Boston,42.3554334,-71.060511,0
2,Buenos-Aires,-34.6075682,-58.4370894,0
3,Chicago,41.8755616,-87.6244212,0
4,Copenhagen,55.6867243,12.5700724,0
5,Dallas,32.7762719,-96.7968559,0
6,Delhi,28.6517178,77.2219388,0
7,Denver,39.7392364,-104.984862,0
8,Hamburg,53.550341,10.000654,0
9,Helsinki,60.1674881,24.9427473,0
10,Houston,29.7589382,-95.3676974,0
11,Kansas-City,39.100105,-94.5781416,0
12,Las-Vegas,36.1672559,-115.148516,0
13,Los-Angeles,34.0536909,-118.242766,0
14,Miami,25.7741728,-80.19362,0
15,Minneapolis,44.9772995,-93.2654692,0
16,Muscat,23.61515,58.5912467,0
17,Newark,40.735657,-74.1723667,0
18,Philadelphia,39.9527237,-75.1635262,0
19,Phoenix,33.4484367,-112.074141,0
20,Portland,45.5202471,-122.674194,0
21,Seattle,47.6038321,-122.330062,0
22,Taipei,25.0375198,121.5636796,0
23,Warsaw,52.2319581,21.0067249,0
24,Perth,-31.9558964,115.8605801,0
25,Santiago,-33.4377756,-70.6504502,0
26,Lima,-12.0621065,-77.0365256,0
27,Lagos,6.4550575,3.3941795,0
28,Kolkata,22.5726723,88.3638815,0
29,Bangkok,13.7524938,100.4935089,0
30,Querétaro,20.5927744,-100.3902245,0
31,Amsterdam,52.3727598,4.8936041,0
32,Athens,37.9839412,23.7283052,0
33,Auckland,-36.852095,174.7631803,0
34,Bengaluru,12.9767936,77.590082,0
35,Berlin,52.5170365,13.3888599,0
36,Bogotá,4.6534649,-74.0836453,0
37,Brisbane,-27.4689682,153.0234991,0
38,Brussels,50.8465573,4.351697,0
39,Chennai,13.0836939,80.270186,0
40,Hanoi,21.0294498,105.8544441,0
41,Johannesburg,-26.205,28.049722,0
42,Lisbon,38.7077507,-9.1365919,0
43,Manila,14.5948914,120.9782618,0
44,Munich,48.1371079,11.5753822,0
45,Nairobi,-1.2832533,36.8172449,0
46,Oslo,59.9133301,10.7389701,0
47,Prague,50.0874654,14.4212535,0
48,Rio-de-Janeiro,-22.9110137,-43.2093727,0
49,Toronto,43.6534817,-79.3839347,0
50,Vancouver,49.2608724,-123.113952,0
51,Vienna,48.2083537,16.3725042,0
52,Santa-Clara-California,37.2333253,-121.6846349,0
53,Boardman-Oregon,45.839855,-119.7005834,0
54,Dublin-Ohio,40.0992294,-83.1140771,0
55,Ashburn-North-Virginia,39.0478224,-77.43894059715123,0
56,Sydney,-33.8698439,151.2082848,0
57,Singapore,1.357107,103.8194992,0
58,Jakarta,-6.1753942,106.827183,0
59,Hong-Kong,22.2793278,114.1628131,0
60,Tokyo,35.6812665,139.757653,0
61,Osaka,34.661629000000005,135.49992679245517,0
62,Seoul,37.5666791,126.9782914,0
63,Beijing,39.906217,116.3912757,0
64,Ningxia,37.0000001,105.9999999,0
65,Hyderabad,17.38878595,78.46106473453146,0
66,Mumbai,19.0785451,72.878176,0
67,Cape-Town,-33.928992,18.417396,0
68,Bahrain,26.1551249,50.5344606,0
69,Dubai,25.074282349999997,55.18853865430702,0
70,Stockholm,59.3251172,18.0710935,0
71,Ireland,52.865196,-7.9794599,0
72,London,51.5073219,-0.1276474,0
73,Frankfurt,50.1106444,8.6820917,0
74,Paris,48.8588897,2.3200410217200766,0
75,Milan,45.4641943,9.1896346,0
76,Zurich,47.3744489,8.5410422,0
77,Aragón,41.3787291,-0.7639373,0
78,São-Paulo,-23.5506507,-46.6333824,0
79,Montreal,45.5031824,-73.5698065,0
80,Melbourne,-37.8142176,144.9631608,0
81,Bangalore,12.9767936,77.590082,0
82,Shanghai,31.2322758,121.4692071,0
83,Shenzhen,22.5445741,114.0545429,0
84,Kuala-Lumpur,3.1516964,101.6942371,0
85,New-Delhi,28.6138954,77.2090057,0
86,Zhongwei,37.4999947,105.1928783,0
87,Fujairah,25.1244604,56.3355085,0
88,Manama,26.2235041,50.5822436,0
89,Tel-Aviv,32.0852997,34.7818064,0
90,Bucharest,44.4361414,26.1027202,0
91,Budapest,47.4979937,19.0403594,0
92,Dublin,53.3498006,-6.2602964,0
93,Dusseldorf,51.2254018,6.7763137,0
94,Madrid,40.4167047,-3.7035825,0
95,Manchester,53.4794892,-2.2451148,0
96,Marseille,43.2961743,5.3699525,0
97,Palermo,38.1112268,13.3524434,0
98,Rome,41.8933203,12.4829321,0
99,Sofia,42.6977028,23.3217359,0
100,Zagreb,45.84264135,15.962231476593626,0
101,Bogota,4.6534649,-74.0836453,0
102,Ashburn,39.030019100000004,-77.46964646557657,0
103,Atlanta-GA,33.7489924,-84.3902644,0
104,Dallas/Fort-Worth,32.89651945,-97.0465220537124,0
105,Hillsboro,45.5228939,-122.989827,0
106,Jacksonville,30.3321838,-81.655651,0
107,New-York,40.7127281,-74.0060152,0
108,Palo-Alto,37.4443293,-122.1598465,0
109,San-Jose,37.3361663,-121.890591,0
110,AUS.2.1_1,-35.48880649767985,149.0024863382205,0
111,AUS.4.1_1,-35.15247357140422,150.6905223913976,0
112,AUS.5.1_1,-36.026603148059074,146.97041673064354,0
113,AUS.5.2_1,-30.546109542053753,151.95755832596535,0
114,AUS.5.3_1,-33.88569193518778,151.1306937024832,0
115,AUS.5.4_1,-33.85495100810504,151.04574844360928,0
116,AUS.5.5_1,-28.85290722697186,153.48618001315705,0
117,AUS.5.6_1,-33.950342293366354,143.61167822565685,0
118,AUS.5.7_1,-33.92342822442198,151.0130708231389,0
119,AUS.5.8_1,-33.43007957992528,149.5255534505778,0
120,AUS.5.9_1,-36.82595554514724,149.71756854521544,0
121,AUS.5.10_1,-30.40380188468445,152.72858109780083,0
122,AUS.5.11_1,-35.734297105605854,145.71119256073615,0
123,AUS.5.12_1,-33.74133420652045,150.86430900572788,0
124,AUS.5.13_1,-33.89435413349114,146.96121847939293,0
125,AUS.5.14_1,-33.59434280538509,149.14204205321406,0
126,AUS.5.15_1,-33.69754480203546,150.41114171533476,0
127,AUS.5.16_1,-31.538109711533387,146.86685187876364,0
128,AUS.5.17_1,-36.88354811061739,149.04037648181918,0
129,AUS.5.18_1,-34.293647970668935,148.85130755884606,0
130,AUS.5.19_1,-33.9423154975335,151.20159578341793,0
131,AUS.5.20_1,-29.910609411374978,145.3567056196955,0
132,AUS.5.21_1,-29.791573866318057,146.96084039203993,0
133,AUS.5.22_1,-31.944184480275425,141.47916770848195,0
134,AUS.5.23_1,-33.8836871048106,151.1031476778772,0
135,AUS.5.24_1,-28.604182527978363,153.48246128257375,0
136,AUS.5.25_1,-33.15298097781889,148.75412751471242,0
137,AUS.5.26_1,-34.00875704831838,150.72393138832362,0
138,AUS.5.27_1,-34.08339214583373,150.84579761512296,0
139,AUS.5.28_1,-33.8534970072236,151.1147551260852,0
140,AUS.5.29_1,-33.923589661115926,151.09290045939287,0
141,AUS.5.30_1,-33.60903197884815,145.4964429000692,0
142,AUS.5.31_1,-31.850797321833326,143.58982255316903,0
143,AUS.5.32_1,-32.925123074875806,151.22484723481406,0
144,AUS.5.33_1,-29.68174212053299,152.75114928010183,0
145,AUS.5.34_1,-31.868099314677536,145.48302937422187,0
146,AUS.5.35_1,-30.18905304135721,153.03982114048253,0
147,AUS.5.36_1,-35.16661690053662,144.94100259721154,0
148,AUS.5.37_1,-34.632534261793026,147.10483537873412,0
149,AUS.5.38_1,-36.06953286688664,149.22465472977476,0
150,AUS.5.39_1,-30.87051745128937,148.29160676690998,0
151,AUS.5.40_1,-34.5898769306368,148.01402895021795,0
152,AUS.5.41_1,-35.827657115626565,146.26286317645884,0
153,AUS.5.42_1,-33.796420461136414,148.71788638118326,0
154,AUS.5.43_1,-35.52908917499179,144.97317946317884,0
155,AUS.5.44_1,-32.22520559057592,148.66416472493663,0
156,AUS.5.45_1,-32.34948323021553,151.6082828721209,0
157,AUS.5.46_1,-35.94515680697006,149.94704925767772,0
158,AUS.5.47_1,-33.86563575590186,150.89540729828542,0
159,AUS.5.48_1,-33.421824124999254,147.86674013420972,0
160,AUS.5.49_1,-31.619025570714495,148.6906882132624,0
161,AUS.5.50_1,-29.64501366012068,151.90305160498886,0
162,AUS.5.51_1,-31.905809474622263,151.79518199454853,0
163,AUS.5.52_1,-33.37414913383503,151.21986849443897,0
164,AUS.5.53_1,-34.876039488009376,149.81349094564993,0
165,AUS.5.54_1,-32.35601801978614,152.1535733988823,0
166,AUS.5.55_1,-35.7502952567622,147.17181430226964,0
167,AUS.5.56_1,-31.792070462278787,152.28121501498416,0
168,AUS.5.57_1,-34.30040893052002,146.0034745452888,0
169,AUS.5.58_1,-35.0152636658382,148.14354664988005,0
170,AUS.5.59_1,-31.046560231388874,150.1888653102678,0
171,AUS.5.60_1,-30.133357571756203,151.704831890711,0
172,AUS.5.61_1,-29.593293568642622,150.5168142522394,0
173,AUS.5.62_1,-34.61282443231093,148.40632361138637,0
174,AUS.5.63_1,-33.334827780176326,150.77319826712164,0
175,AUS.5.64_1,-34.315837896554015,144.68374126765653,0
176,AUS.5.65_1,-33.82836263398751,150.9574710238318,0
177,AUS.5.66_1,-33.586829329462404,151.08914253358145,0
178,AUS.5.67_1,-33.83335224207958,151.14513080144792,0
179,AUS.5.68_1,-33.96450815995504,151.07147040839652,0
180,AUS.5.69_1,-29.359978765150746,151.06771188733873,0
181,AUS.5.70_1,-35.21885931696596,145.78803503680558,0
182,AUS.5.71_1,-34.81720592284976,147.66888026648422,0
183,AUS.5.72_1,-30.95154666252005,152.64473356211863,0
184,AUS.5.73_1,-34.67891240472739,150.75621447086868,0
185,AUS.5.74_1,-33.980566110730706,151.10802808346352,0
186,AUS.5.75_1,-33.73460654643634,151.15091057491625,0
187,AUS.5.76_1,-28.61780521590567,152.77556708214385,0
188,AUS.5.77_1,-32.9200111773809,146.98994492789208,0
189,AUS.5.78_1,-33.038799554052616,151.5301153253281,0
190,AUS.5.79_1,-33.81999377962826,151.1668961599135,0
191,AUS.5.80_1,-34.53235048417694,146.30211470475234,0
192,AUS.5.81_1,-33.87048373448306,151.1678703106951,0
193,AUS.5.82_1,-28.75619741931806,153.27065061353747,0
194,AUS.5.83_1,-33.2776981833005,150.1789842114073,0
195,AUS.5.84_1,-33.93596391438251,150.8253882967879,0
196,AUS.5.85_1,-31.55062061263012,150.43842392523217,0
197,AUS.5.86_1,-35.331277649651796,146.7754269249067,0
198,AUS.5.87_1,-32.710810943359085,151.5497568552106,0
199,AUS.5.88_1,-33.80024431234778,151.26998232141446,0
200,AUS.5.89_1,-33.90788177803463,151.15888161465867,0
201,AUS.5.90_1,-32.593780170975805,149.74248351655459,0
202,AUS.5.91_1,-29.252877656133023,149.6289302426119,0
203,AUS.5.92_1,-33.82908118234214,151.24463461788864,0
204,AUS.5.93_1,-35.73234731614064,144.74202192595797,0
205,AUS.5.94_1,-34.68924875906174,145.67253110572514,0
206,AUS.5.95_1,-32.43990066656487,150.63028840092002,0
207,AUS.5.96_1,-30.687556390096443,152.76893894375127,0
208,AUS.5.97_1,-30.35647794909413,149.5649107926817,0
209,AUS.5.98_1,-34.61126256382546,146.57968986809354,0
210,AUS.5.99_1,-32.22613067840203,148.0655750484942,0
211,AUS.5.100_1,-32.87589956007932,151.70478103370417,0
212,AUS.5.101_1,-33.83294060040172,151.21189315407065,0
213,AUS.5.102_1,-33.88312013342593,149.81129949418863,0
214,AUS.5.103_1,-33.32465564552553,149.12038655409808,0
215,AUS.5.104_1,-35.42322105415431,149.64072002755623,0
216,AUS.5.105_1,-32.88092989106633,147.96152906490028,0
217,AUS.5.106_1,-33.80981305738732,151.01541085503897,0
218,AUS.5.107_1,-33.76538245545535,150.71805200466406,0
219,AUS.5.108_1,-33.639819299746044,151.27928697889925,0
220,AUS.5.109_1,-31.409811525397256,152.53124414935542,0
221,AUS.5.110_1,-32.721790746712124,151.84472408981105,0
222,AUS.5.111_1,-35.40927357464437,149.2220154611326,0
223,AUS.5.112_1,-33.9432392575458,151.24020530079514,0
224,AUS.5.113_1,-29.059631277517884,153.04628509997966,0
225,AUS.5.114_1,-33.95486423491187,151.13987265801893,0
226,AUS.5.115_1,-33.79913863429382,151.11056238186316,0
227,AUS.5.116_1,-34.582749038464584,150.7738011731511,0
228,AUS.5.117_1,-35.09440544386175,150.3732848395489,0
229,AUS.5.118_1,-32.66038260045775,150.96458076718335,0
230,AUS.5.119_1,-36.35579341507811,148.67766119942905,0
231,AUS.5.120_1,-33.880380246479994,151.07658574637097,0
232,AUS.5.121_1,-34.07279600345199,151.05150519860916,0
233,AUS.5.122_1,-33.889377046132104,151.2027402514293,0
234,AUS.5.123_1,-30.892495995677184,150.90703908517997,0
235,AUS.5.124_1,-34.387939514505824,147.48365620197248,0
236,AUS.5.125_1,-28.943860770090797,152.08643874117033,0
237,AUS.5.126_1,-33.59498887453361,150.96425152441938,0
238,AUS.5.127_1,-36.02993431278484,148.1398412788214,0
239,AUS.5.128_1,-35.44698862984689,148.35524174172355,0
240,AUS.5.129_1,-28.36000903830783,153.35622021018364,0
241,AUS.5.130_1,-30.654429988320697,142.21579112485873,0
242,AUS.5.131_1,-31.969228016072503,150.7265914456461,0
243,AUS.5.132_1,-34.417730281373665,149.45567818347394,0
244,AUS.5.133_1,-30.507673903954654,151.31232118769825,0
245,AUS.5.134_1,-35.26600895054476,146.27728458475917,0
246,AUS.5.135_1,-35.196661610227665,147.36646892213284,0
247,AUS.5.136_1,-35.08743208732591,143.9030134164879,0
248,AUS.5.137_1,-31.16390986894029,151.784525996011,0
249,AUS.5.138_1,-29.816658797367527,148.19445570032232,0
250,AUS.5.139_1,-31.325645158088818,147.67983889856015,0
251,AUS.5.140_1,-33.71015479495294,151.22976112608754,0
252,AUS.5.141_1,-31.46272752723007,149.40538394161047,0
253,AUS.5.142_1,-33.8899822161481,151.26672912137212,0
254,AUS.5.143_1,-33.872332697725035,148.01197486497682,0
255,AUS.5.144_1,-32.59021471726078,149.0124235818815,0
256,AUS.5.145_1,-33.570194667746264,142.24284344103017,0
257,AUS.5.146_1,-33.801096039469684,151.19636944152276,0
258,AUS.5.147_1,-34.476964005130114,150.35626782361533,0
259,AUS.5.148_1,-34.10196159441014,150.44371232751107,0
260,AUS.5.149_1,-34.36885596609572,150.83707315018665,0
261,AUS.5.150_1,-33.87167305709332,151.25739357377623,0
262,AUS.5.151_1,-33.226784094429995,151.3754328751207,0
263,AUS.5.152_1,-34.95416731180179,148.88482880612423,0
264,AUS.5.153_1,-34.22595245884307,148.23106475299238,0
265,AUS.6.1_1,-23.7350183704188,133.8547532569135,0
266,AUS.6.2_1,-19.443803925639955,135.08542093775856,0
267,AUS.6.3_1,-12.538182797107376,130.6831832442772,0
268,AUS.6.4_1,-21.48983220894864,132.4152907238879,0
269,AUS.6.5_1,-13.030394399373737,131.06893548035472,0
270,AUS.6.6_1,-12.3985126353131,130.88702388087844,0
271,AUS.6.7_1,-12.93349478129729,135.7448639475557,0
272,AUS.6.8_1,-14.690173031468749,132.19508240412276,0
273,AUS.6.9_1,-12.537618685434841,131.12179592073272,0
274,AUS.6.10_1,-24.63732473437948,133.16164053768298,0
275,AUS.6.11_1,-12.50251991787989,130.97917722133516,0
276,AUS.6.12_1,-15.435603515007903,134.6525933001932,0
277,AUS.6.14_1,-13.11992608225417,131.18557188138044,0
278,AUS.6.15_1,-16.08124522625579,130.6088399308416,0
279,AUS.6.16_1,-12.441231695667346,130.74969476078275,0
280,AUS.6.17_1,-12.507815552890296,133.2587315272527,0
281,AUS.7.1_1,-13.605709243861819,141.8278630612218,0
282,AUS.7.2_1,-28.315879924348515,148.11582635124665,0
283,AUS.7.3_1,-24.935150689064834,149.93876531882665,0
284,AUS.7.4_1,-23.115406132710017,145.69357333917606,0
285,AUS.7.5_1,-25.130839846163077,142.26790658219073,0
286,AUS.7.6_1,-24.789425913885065,145.79137661919464,0
287,AUS.7.7_1,-22.48158737666312,139.24565125256424,0
288,AUS.7.8_1,-27.437815018127246,153.03858716923241,0
289,AUS.7.9_1,-28.02079382476329,142.59361701392845,0
290,AUS.7.10_1,-24.967902108117833,152.03564154241604,0
291,AUS.7.11_1,-19.823610545357667,147.24310583252958,0
292,AUS.7.12_1,-18.043251076689863,138.94838139373357,0
293,AUS.7.13_1,-16.607856669522587,145.5056037252597,0
294,AUS.7.14_1,-17.444879635476816,141.36451890562594,0
295,AUS.7.15_1,-17.959401943687666,145.92581102518363,0
296,AUS.7.16_1,-24.03146988952338,148.41590673302136,0
297,AUS.7.17_1,-20.14862758768523,145.78822497295718,0
298,AUS.7.18_1,-26.28880977045403,151.9359943237871,0
299,AUS.7.19_1,-20.81803835720101,140.2649695390841,0
300,AUS.7.20_1,-14.235805486927461,143.25914429093436,0
301,AUS.7.21_1,-18.554345487770178,142.21714938157382,0
302,AUS.7.22_1,-24.630901270571066,139.73257009602975,0
303,AUS.7.23_1,-17.594234970271586,138.78154113451876,0
304,AUS.7.24_1,-18.504954845074156,143.66062281140384,0
305,AUS.7.25_1,-20.974117107932692,144.32175244830546,0
306,AUS.7.26_1,-25.527967675272663,152.67681488059907,0
307,AUS.7.27_1,-24.176791876409332,151.30702268106157,0
308,AUS.7.28_1,-27.98071981139896,153.31834981258825,0
309,AUS.7.29_1,-28.37355921333709,150.33955972433225,0
310,AUS.7.30_1,-26.14703226611241,152.46357187848244,0
311,AUS.7.31_1,-18.66210548140187,146.04710851714864,0
312,AUS.7.32_1,-15.167084154144865,145.19177699038883,0
313,AUS.7.33_1,-27.665094296735177,152.66549445344833,0
314,AUS.7.34_1,-22.23814519610985,147.89164456461785,0
315,AUS.7.35_1,-15.32203931374962,141.81069311419265,0
316,AUS.7.36_1,-13.005308664270485,143.2405695494486,0
317,AUS.7.37_1,-27.642731972862688,152.2405267537645,0
318,AUS.7.38_1,-27.76240732895329,153.04023151761982,0
319,AUS.7.39_1,-23.718060562460273,143.95926041660198,0
320,AUS.7.40_1,-21.13923808715049,148.80364194854968,0
321,AUS.7.41_1,-12.143712981728532,141.91976339374406,0
322,AUS.7.42_1,-26.544285850749336,148.28736327331748,0
323,AUS.7.43_1,-20.5339228477474,141.5869511668145,0
324,AUS.7.44_1,-27.118291632157852,152.88242052846962,0
325,AUS.7.46_1,-19.967843325496222,138.7829296947156,0
326,AUS.7.47_1,-26.189694296799143,146.4894085575852,0
327,AUS.7.48_1,-12.517976868647466,142.1137409184112,0
328,AUS.7.49_1,-25.35526532392205,151.2040284764975,0
329,AUS.7.50_1,-11.004956676855048,142.31295474455283,0
330,AUS.7.52_1,-28.073036902979,145.77086550378667,0
331,AUS.7.53_1,-14.718682834208199,141.80709110702995,0
332,AUS.7.54_1,-26.348659846631328,143.89322964808795,0
333,AUS.7.55_1,-27.56850742836039,153.36083958154174,0
334,AUS.7.56_1,-20.54063511512301,142.90106353682177,0
335,AUS.7.57_1,-23.027863034910833,150.2021242867376,0
336,AUS.7.58_1,-28.061976526285637,152.79651232620208,0
337,AUS.7.59_1,-27.008973724593115,152.42522688719137,0
338,AUS.7.60_1,-26.40523332873707,151.6469291366701,0
339,AUS.7.61_1,-28.405601500077257,151.88568053387448,0
340,AUS.7.62_1,-26.592739765968,152.9112942372448,0
341,AUS.7.63_1,-17.150289036479634,144.19576051591517,0
342,AUS.7.64_1,-27.582025298701154,151.53389222750988,0
343,AUS.7.66_1,-10.41400798317616,142.39643986476077,0
344,AUS.7.67_1,-19.391032650129727,146.71166788996587,0
345,AUS.7.68_1,-12.640443317480658,141.8789040813479,0
346,AUS.7.69_1,-26.84155894858147,150.34731591228132,0
347,AUS.7.70_1,-20.700987002573918,147.7247546737354,0
348,AUS.7.71_1,-22.539081834817058,142.42453981325644,0
349,AUS.7.72_1,-23.94447859727171,149.5251866529752,0
350,AUS.7.73_1,-15.970261897032772,145.31253232489246,0
351,AUS.7.74_1,-16.994538112349375,145.89716148289364,0
352,AUS.8.1_1,-34.92198367543541,138.59891308133598,0
353,AUS.8.2_1,-34.89282211946154,138.83623046545605,0
354,AUS.8.3_1,-35.351963933016485,138.87837379231155,0
355,AUS.8.4_1,-27.077329564080475,131.2053283015713,0
356,AUS.8.5_1,-34.62106466184946,139.00168083951905,0
357,AUS.8.6_1,-33.79896704779851,137.9563363386838,0
358,AUS.8.7_1,-34.26029705670885,140.49052386015288,0
359,AUS.8.8_1,-34.939977088265394,138.65986800845553,0
360,AUS.8.9_1,-34.883725858403224,138.682233592495,0
361,AUS.8.10_1,-32.10210670877462,133.87244117124044,0
362,AUS.8.11_1,-34.89036584495499,138.5236113811345,0
363,AUS.8.12_1,-34.00396985377317,138.73596928786742,0
364,AUS.8.13_1,-33.67059110728748,136.25069531129284,0
365,AUS.8.14_1,-29.015859508866452,134.75235440979975,0
366,AUS.8.15_1,-33.98339295583213,137.72895849816453,0
367,AUS.8.16_1,-33.56135027700209,135.3451542056726,0
368,AUS.8.17_1,-32.07137906942924,138.30649828678497,0
369,AUS.8.18_1,-33.52450772391025,136.90475838621373,0
370,AUS.8.19_1,-34.6221646281085,138.7298686715948,0
371,AUS.8.20_1,-33.64593875830117,139.0741116222426,0
372,AUS.8.21_1,-37.84610339190123,140.72477032963306,0
373,AUS.8.22_1,-35.00114555299748,138.52130960147826,0
374,AUS.8.24_1,-34.95050464523839,140.0200951815548,0
375,AUS.8.25_1,-33.092990266786245,136.26571508533152,0
376,AUS.8.26_1,-36.64351638539423,140.0255102175851,0
377,AUS.8.27_1,-34.41110407578034,138.8464970258318,0
378,AUS.8.28_1,-34.41243970291557,135.59707729532164,0
379,AUS.8.29_1,-34.49325422776044,140.34377791016016,0
380,AUS.8.30_1,-34.480609628050814,138.45467230753007,0
381,AUS.8.31_1,-29.328877157267286,130.9389225921173,0
382,AUS.8.32_1,-35.032482678803504,138.53969660250863,0
383,AUS.8.33_1,-34.45024853153726,139.4613861024019,0
384,AUS.8.34_1,-35.00387526152515,138.6217505865502,0
385,AUS.8.35_1,-35.085808380528356,138.87500290385785,0
386,AUS.8.36_1,-37.825345246086876,140.78168101749588,0
387,AUS.8.37_1,-32.75828405686867,138.20511329054966,0
388,AUS.8.38_1,-35.159317401537656,139.3017846886669,0
389,AUS.8.39_1,-36.977255296228705,140.54735420754878,0
390,AUS.8.40_1,-33.286409522198845,138.5114193180337,0
391,AUS.8.41_1,-34.90757300229379,138.63644919775516,0
392,AUS.8.42_1,-35.178688019205474,138.56885275680128,0
393,AUS.8.43_1,-32.520770113218894,138.63935383401153,0
394,AUS.8.44_1,-32.86411502234651,139.05962775152912,0
395,AUS.8.45_1,-34.68885959354289,138.66314652299005,0
396,AUS.8.46_1,-34.84071186941821,138.56150466488938,0
397,AUS.8.47_1,-32.59175701977716,137.75074827084518,0
398,AUS.8.48_1,-34.72922177118928,135.8511289553335,0
399,AUS.8.49_1,-33.37684227750559,138.10593231442596,0
400,AUS.8.50_1,-34.88399565671742,138.597935866597,0
401,AUS.8.51_1,-34.182353988413745,140.81402166533297,0
402,AUS.8.52_1,-37.18769410751859,139.9794678908842,0
403,AUS.8.53_1,-30.55468788822259,136.88114641101174,0
404,AUS.8.54_1,-34.77277533941902,138.61211566293625,0
405,AUS.8.55_1,-35.39392098361247,140.5743510185998,0
406,AUS.8.56_1,-32.70825012297633,134.56614660552393,0
407,AUS.8.57_1,-36.22791972659294,140.58444083992697,0
408,AUS.8.58_1,-34.805161057464105,138.71804119659586,0
409,AUS.8.59_1,-35.71382738782016,139.76140976382263,0
410,AUS.8.60_1,-34.17933587218494,136.01969959065025,0
411,AUS.8.61_1,-29.595545528075075,136.74571495512131,0
412,AUS.8.62_1,-34.95479734415,138.6040327689325,0
413,AUS.8.63_1,-35.512789831185565,138.54616067528318,0
414,AUS.8.64_1,-33.9914453845945,138.35650480134524,0
415,AUS.8.65_1,-34.89278566301459,138.61710912758826,0
416,AUS.8.66_1,-37.47040634554549,140.5188756589711,0
417,AUS.8.67_1,-34.94140628322992,138.5438619463806,0
418,AUS.8.68_1,-33.03967328374186,137.49163083138458,0
419,AUS.8.69_1,-33.023995736734605,135.33636306435744,0
420,AUS.8.70_1,-35.518591762999726,138.33709375606577,0
421,AUS.8.71_1,-34.68371215349979,137.55994049738015,0
422,AUS.9.1_1,-41.42517428352618,148.04982522490414,0
423,AUS.9.2_1,-42.71933999982836,147.26086373969525,0
424,AUS.9.3_1,-41.21605710301968,145.80619415771434,0
425,AUS.9.4_1,-41.281247901924516,146.04002300661674,0
426,AUS.9.5_1,-42.21234505596349,146.6460587544558,0
427,AUS.9.6_1,-41.07894926175893,145.0146570218651,0
428,AUS.9.7_1,-42.837026311391526,147.4341348378646,0
429,AUS.9.8_1,-42.81296987830772,146.4213551635212,0
430,AUS.9.9_1,-41.20869654393353,146.31190117891688,0
431,AUS.9.10_1,-41.07190913439458,147.70839376710657,0
432,AUS.9.12_1,-41.10217980152705,147.0260170895463,0
433,AUS.9.13_1,-42.26924079346598,147.96534028349842,0
434,AUS.9.14_1,-42.83933297117327,147.21976102279044,0
435,AUS.9.15_1,-42.89783864961387,147.28760877870653,0
436,AUS.9.16_1,-43.251459986615565,146.5971069162417,0
437,AUS.9.17_1,-41.453940227871165,146.1835711211567,0
438,AUS.9.19_1,-43.189198582914514,147.26233462353298,0
439,AUS.9.20_1,-41.24398259307882,146.5600190529249,0
440,AUS.9.21_1,-41.36063264644752,147.30581462680811,0
441,AUS.9.23_1,-41.62659829434662,146.48483973956823,0
442,AUS.9.24_1,-41.84011977479432,147.4602406217494,0
443,AUS.9.25_1,-42.778656714728996,147.69612855573715,0
444,AUS.9.26_1,-42.43454700897741,147.40056172749902,0
445,AUS.9.27_1,-43.05466369769137,147.83464463998948,0
446,AUS.9.28_1,-41.38284024264958,145.49575004755903,0
447,AUS.9.29_1,-42.29782570361684,145.63710850798654,0
448,AUS.9.30_1,-41.28164244934513,146.86439937012676,0
449,AUS.10.1_1,-36.853573017977816,146.9741743479224,0
450,AUS.10.2_1,-37.472718406164226,142.8431711529103,0
451,AUS.10.3_1,-37.492852852387564,143.78147029228947,0
452,AUS.10.4_1,-37.730440606866594,145.08514053481244,0
453,AUS.10.5_1,-38.50712571423329,145.5578218204422,0
454,AUS.10.6_1,-37.983885779659765,146.1312671116024,0
455,AUS.10.7_1,-37.94183842527065,145.01815425849483,0
456,AUS.10.8_1,-36.587003381161374,146.02376195090523,0
457,AUS.10.9_1,-37.81928651056675,145.06308769155592,0
458,AUS.10.10_1,-37.747552330045636,144.80331011500064,0
459,AUS.10.11_1,-35.91238572829435,143.00493046423395,0
460,AUS.10.12_1,-36.3451924434293,144.71641334506643,0
461,AUS.10.13_1,-38.083138689661375,145.57254524210506,0
462,AUS.10.14_1,-38.10435285765411,145.3089985985955,0
463,AUS.10.15_1,-37.00716087125119,143.71384134520378,0
464,AUS.10.16_1,-38.45195952311258,143.59518114100183,0
465,AUS.10.17_1,-38.204327553472574,143.19864464957683,0
466,AUS.10.18_1,-37.73345881180181,145.01433251254332,0
467,AUS.10.19_1,-37.378023509367594,148.2917999677815,0
468,AUS.10.20_1,-38.134608341214104,145.17379859670768,0
469,AUS.10.21_1,-35.75158159416525,143.80423220970277,0
470,AUS.10.22_1,-37.901205913968084,145.04260279539557,0
471,AUS.10.23_1,-37.87050475687612,141.38571671519335,0
472,AUS.10.24_1,-37.882066560451136,143.84251733941147,0
473,AUS.10.25_1,-36.73444150847494,144.42264482185948,0
474,AUS.10.26_1,-38.00555112675116,145.19001783610432,0
475,AUS.10.27_1,-38.06897410686724,144.4171666612913,0
476,AUS.10.28_1,-36.396990931317404,145.38619429903872,0
477,AUS.10.29_1,-37.316936141024115,144.05756013979317,0
478,AUS.10.30_1,-36.051517702429805,141.7525535223785,0
479,AUS.10.31_1,-37.85472099991155,144.82975562287479,0
480,AUS.10.32_1,-36.82576822506869,142.090428988167,0
481,AUS.10.33_1,-37.58918162757583,144.82453552804435,0
482,AUS.10.34_1,-36.22554922005281,146.72309411067997,0
483,AUS.10.35_1,-37.988584082867874,145.10507291134667,0
484,AUS.10.36_1,-37.88894389913088,145.25869931440621,0
485,AUS.10.37_1,-38.27455619378776,146.43816156176902,0
486,AUS.10.38_1,-36.36390481395593,143.86714263004316,0
487,AUS.10.39_1,-37.33566708899751,144.6166125148794,0
488,AUS.10.40_1,-37.76159010678989,145.18856159494896,0
489,AUS.10.41_1,-37.20039636611379,146.20685395885445,0
490,AUS.10.42_1,-37.795267577873425,144.87777155997225,0
491,AUS.10.43_1,-37.80487234346391,145.26526207985216,0
492,AUS.10.44_1,-37.8105024003403,144.94389821500874,0
493,AUS.10.45_1,-37.69300227671514,144.62598423383082,0
494,AUS.10.46_1,-34.86921296795913,141.68286189645147,0
495,AUS.10.47_1,-37.13755145197516,145.00163580875375,0
496,AUS.10.48_1,-36.06188113280979,145.55036710150142,0
497,AUS.10.49_1,-37.89714484310957,145.14404477009933,0
498,AUS.10.50_1,-37.74949998721644,144.89576295776266,0
499,AUS.10.51_1,-37.63278057404204,144.215656430322,0
500,AUS.10.52_1,-37.729917805297454,144.94888899865154,0
501,AUS.10.53_1,-38.34168513264621,145.035350669837,0
502,AUS.10.54_1,-37.0507899228609,144.19293897059123,0
503,AUS.10.55_1,-38.12245514516518,142.49001342397688,0
504,AUS.10.56_1,-37.31098159262966,145.63013905328273,0
505,AUS.10.57_1,-37.62291429973607,145.2368050154885,0
506,AUS.10.58_1,-36.84453061700928,142.91986514443082,0
507,AUS.10.59_1,-37.85181776487983,144.96581343349735,0
508,AUS.10.60_1,-37.31645785929736,143.37504106173176,0
509,AUS.10.62_1,-38.62139326359913,146.07591093939965,0
510,AUS.10.63_1,-37.53644810767849,142.0331551630422,0
511,AUS.10.64_1,-37.857956599596754,145.03365726082933,0
512,AUS.10.65_1,-36.76033192245951,145.4349172256843,0
513,AUS.10.66_1,-38.31230213319087,144.05312111140617,0
514,AUS.10.67_1,-35.1202055306068,143.1254559669151,0
515,AUS.10.68_1,-36.35445052906365,147.59885786228247,0
516,AUS.10.69_1,-37.9010015833856,145.870153868389,0
517,AUS.10.70_1,-36.58822488675133,146.4283706588392,0
518,AUS.10.71_1,-38.37145270821905,142.51178786330067,0
519,AUS.10.72_1,-37.89433592539468,146.9193687146084,0
520,AUS.10.73_1,-36.675577564282534,141.27936914960864,0
521,AUS.10.74_1,-37.83024867207674,145.15506009746056,0
522,AUS.10.75_1,-37.547209619307395,145.0776913671114,0
523,AUS.10.76_1,-36.15055659147188,146.88261735285147,0
524,AUS.10.77_1,-37.88664614895182,144.6182514853821,0
525,AUS.10.78_1,-37.802280295880706,144.9985491635158,0
526,AUS.10.79_1,-37.71417001637372,145.6968658344098,0
527,AUS.10.80_1,-35.99006332533222,142.4190091434543,0
528,AUS.11.1_1,-34.73867665560453,118.1833071584659,0
529,AUS.11.2_1,-32.167578359395904,116.1369428659106,0
530,AUS.11.3_1,-22.494175839930584,116.72874488636202,0
531,AUS.11.4_1,-34.03088071641732,115.22779323436902,0
532,AUS.11.5_1,-31.90384772231615,115.94522053923833,0
533,AUS.11.6_1,-31.9057232966257,115.90827634119921,0
534,AUS.11.7_1,-31.956353252675857,115.94827603440397,0
535,AUS.11.8_1,-32.174664739014425,116.79657803376388,0
536,AUS.11.9_1,-32.81700796452081,116.40026854647087,0
537,AUS.11.10_1,-33.891757363912475,116.5239961173744,0
538,AUS.11.11_1,-34.00409813303157,116.19121233660249,0
539,AUS.11.12_1,-32.361995262514256,117.00308751965898,0
540,AUS.11.13_1,-18.678693953442544,122.4632310349098,0
541,AUS.11.14_1,-34.002534202067594,117.66134122902837,0
542,AUS.11.15_1,-31.952589891601654,118.02862886714011,0
543,AUS.11.16_1,-33.35175452081781,115.66447506341348,0
544,AUS.11.17_1,-33.71844624207289,115.34885577295037,0
545,AUS.11.18_1,-31.9362990885079,115.78643180936695,0
546,AUS.11.19_1,-32.03687959226365,115.91637700061995,0
547,AUS.11.20_1,-33.532378428833525,115.63570245771271,0
548,AUS.11.21_1,-29.773286900127168,115.57835817879564,0
549,AUS.11.22_1,-24.350325196102187,114.39103174088642,0
550,AUS.11.23_1,-28.322148457157002,115.05919196123894,0
551,AUS.11.24_1,-31.374395052499725,116.07833618910004,0
552,AUS.11.25_1,-31.98014761096859,115.77997633768963,0
553,AUS.11.26_1,-32.114300917155205,115.79297038528239,0
554,AUS.11.27_1,-33.28355230943172,116.21156012440157,0
555,AUS.11.28_1,-31.186752662866837,120.96674105804982,0
556,AUS.11.29_1,-30.021640393819137,115.7592530431928,0
557,AUS.11.30_1,-32.35836011558078,117.79895198272122,0
558,AUS.11.31_1,-31.99400324232507,115.7584960104572,0
559,AUS.11.32_1,-34.3148772342889,117.2857050309536,0
560,AUS.11.33_1,-32.73535654706675,117.15911018968389,0
561,AUS.11.34_1,-27.30989914690744,117.93858981676185,0
562,AUS.11.35_1,-31.599581319426292,117.15571966795416,0
563,AUS.11.36_1,-30.12514758394946,116.94492874308544,0
564,AUS.11.37_1,-30.539607470636664,115.50607041726444,0
565,AUS.11.38_1,-33.41542493621729,115.85188252966584,0
566,AUS.11.39_1,-34.890477793685136,117.11882448419065,0
567,AUS.11.40_1,-17.7919414189583,124.97603354306021,0
568,AUS.11.41_1,-33.66957409093151,115.97353526515366,0
569,AUS.11.42_1,-31.107655504906543,117.11126755590963,0
570,AUS.11.43_1,-33.22433490931195,117.96437881243949,0
571,AUS.11.44_1,-32.009568552400935,124.41310487169285,0
572,AUS.11.45_1,-32.037940382199835,115.76816767075775,0
573,AUS.11.46_1,-21.76759306153776,123.59469735892347,0
574,AUS.11.47_1,-33.22014044501505,122.25829583236391,0
575,AUS.11.48_1,-22.521701988298663,114.16701170372886,0
576,AUS.11.49_1,-32.05764645520239,115.76655952119265,0
577,AUS.11.50_1,-28.834177554501178,114.88301106284888,0
578,AUS.11.51_1,-31.191571160650565,115.69916640155104,0
579,AUS.11.52_1,-34.06209044680891,118.2887493197915,0
580,AUS.11.53_1,-31.242841281456137,116.78474774099537,0
581,AUS.11.54_1,-32.06620991472608,115.99214617848705,0
582,AUS.11.55_1,-19.25821452839169,127.61696998331159,0
583,AUS.11.56_1,-33.10105620353516,115.91245554632248,0
584,AUS.11.57_1,-29.326453458274454,115.09174848481686,0
585,AUS.11.58_1,-34.07041425451014,119.10139006198128,0
586,AUS.11.59_1,-31.783492641992844,115.76670338144301,0
587,AUS.11.60_1,-32.01226645635134,116.12276883444358,0
588,AUS.11.61_1,-30.75143937615043,125.04995190805708,0
589,AUS.11.62_1,-33.648297893919064,117.6842466348205,0
590,AUS.11.63_1,-31.58232629365185,117.81452418734409,0
591,AUS.11.64_1,-33.55060878920943,118.57248220869852,0
592,AUS.11.65_1,-33.907550218537715,117.04812204183844,0
593,AUS.11.66_1,-32.427717648998204,119.18645375027525,0
594,AUS.11.67_1,-30.590486821045715,117.42546357252641,0
595,AUS.11.68_1,-32.71746890533113,118.57591483690634,0
596,AUS.11.69_1,-32.227690301979344,115.82866207250956,0
597,AUS.11.70_1,-33.05990699344909,119.28773342658614,0
598,AUS.11.71_1,-27.890056104415894,125.40042123034122,0
599,AUS.11.72_1,-28.2121647717891,121.14580261368856,0
600,AUS.11.73_1,-32.63407384910124,115.68301955842254,0
601,AUS.11.74_1,-34.557196454267256,116.3256591139909,0
602,AUS.11.75_1,-25.140931642886702,118.86477170473238,0
603,AUS.11.76_1,-32.04742039069253,115.82936421696643,0
604,AUS.11.77_1,-29.57657610015726,123.98401144671375,0
605,AUS.11.78_1,-31.51526651182336,118.35932579059521,0
606,AUS.11.79_1,-29.15820142328416,115.48424769780166,0
607,AUS.11.80_1,-30.498066798057152,116.18543561118443,0
608,AUS.11.81_1,-29.066949853479954,116.0172464203913,0
609,AUS.11.82_1,-32.014804370804896,115.76554593050946,0
610,AUS.11.83_1,-28.23778076364896,117.97599865817593,0
611,AUS.11.84_1,-30.183683341794953,117.96219209618944,0
612,AUS.11.85_1,-30.630481347843823,118.31129323752343,0
613,AUS.11.86_1,-28.501469821660432,115.63624181064486,0
614,AUS.11.87_1,-31.899941523245,116.25162600687818,0
615,AUS.11.88_1,-26.751707379477136,116.29923463913973,0
616,AUS.11.89_1,-32.623326118282286,115.99055134190235,0
617,AUS.11.90_1,-34.12843710757685,115.66388718935234,0
618,AUS.11.91_1,-32.048380618775454,118.65406432341821,0
619,AUS.11.92_1,-32.995785160386504,117.2629765998905,0
620,AUS.11.93_1,-32.9364752623334,117.17204354145923,0
621,AUS.11.94_1,-31.972400505378126,115.78994847808266,0
622,AUS.11.95_1,-25.08891300864464,126.83471753936884,0
623,AUS.11.96_1,-31.685946974314735,116.63599573932082,0
624,AUS.11.97_1,-27.752148983902767,114.64641042070228,0
625,AUS.11.98_1,-31.149601522137452,118.20848654311082,0
626,AUS.11.99_1,-31.99933272183155,115.76714277068363,0
627,AUS.11.100_1,-29.443976297280166,116.61140604334334,0
628,AUS.11.101_1,-31.9576343578336,115.85066276597695,0
629,AUS.11.102_1,-32.51991996894043,117.22202510387129,0
630,AUS.11.103_1,-34.59722200075241,117.56199109052918,0
631,AUS.11.104_1,-20.92874314020917,118.67387775463743,0
632,AUS.11.105_1,-32.004815730845586,117.42343976417595,0
633,AUS.11.106_1,-33.61653302111661,120.13860401889173,0
634,AUS.11.107_1,-32.34413740972589,115.78886217884151,0
635,AUS.11.108_1,-21.04939331849941,117.03618595563711,0
636,AUS.11.109_1,-28.336625925940073,119.17272640602523,0
637,AUS.11.111_1,-32.34452781464957,116.0348347354318,0
638,AUS.11.112_1,-26.535020300374896,114.52364362714601,0
639,AUS.11.113_1,-31.997857829503655,115.87001528919201,0
640,AUS.11.114_1,-31.885693152870786,115.81962678169336,0
641,AUS.11.115_1,-31.9576591107498,115.8186697073777,0
642,AUS.11.116_1,-31.74142179770461,116.06742382901851,0
643,AUS.11.117_1,-31.606676431601816,117.49499083515803,0
644,AUS.11.118_1,-29.52547659996121,115.57724910466648,0
645,AUS.11.119_1,-31.471092306123627,116.38065400706925,0
646,AUS.11.120_1,-31.144020017694395,117.80682802072765,0
647,AUS.11.121_1,-24.725790960286442,116.35671890251082,0
648,AUS.11.122_1,-31.979722017466944,115.90146232625422,0
649,AUS.11.123_1,-31.01434194777575,116.31959416552321,0
650,AUS.11.124_1,-31.931290516574585,115.85254446861367,0
651,AUS.11.125_1,-33.276675317156005,117.36991412977233,0
652,AUS.11.126_1,-32.547410905519016,116.58197737438537,0
653,AUS.11.127_1,-31.612280152993463,115.76325726385177,0
654,AUS.11.128_1,-32.85792203296802,115.92017990495718,0
655,AUS.11.129_1,-33.45715324019975,116.73947880722928,0
656,AUS.11.130_1,-30.968261111609547,118.65687568592172,0
657,AUS.11.131_1,-32.8067754939531,117.67167873800264,0
658,AUS.11.132_1,-33.07140994988655,116.72810057860943,0
659,AUS.11.133_1,-25.312053765733978,122.2450694857608,0
660,AUS.11.134_1,-30.71713059410817,116.84261414106108,0
661,AUS.11.135_1,-33.53361155708033,117.33814720499397,0
662,AUS.11.136_1,-31.186692908737008,117.43526022972232,0
663,AUS.11.137_1,-15.559206675577254,127.05176369244576,0
664,AUS.11.138_1,-28.56525671742823,117.05022339051672,0
665,AUS.11.139_1,-30.958645372937696,119.34180897948168,0
666,AUS.11.140_1,-31.926379388245735,116.73542799221237,0
667,FJI.1.1_1,-17.86721520664311,178.2343238001711,0
668,FJI.1.2_1,-18.06470040480113,178.11374405812714,0
669,FJI.1.3_1,-18.111884828358438,178.42019954568025,0
670,FJI.1.4_1,-18.154882123254744,177.95561605085928,0
671,FJI.1.5_1,-17.798756219844176,178.48782237082216,0
672,FJI.3.1_1,-16.792641766201463,178.74984645446673,0
673,FJI.3.2_1,-16.64438261232915,122.92674969258957,0
674,FJI.3.3_1,-16.463820106569084,179.29407879316474,0
675,FJI.5.1_1,-17.633405909558704,177.65975018608714,0
676,FJI.5.2_1,-17.985272699333482,177.66199990916098,0
677,FJI.5.3_1,-17.523258191991008,178.1899252982142,0
678,NCL.2.2_1,-21.531801495693035,165.9862113013455,0
679,NCL.2.3_1,-20.712694256507135,164.85653342450541,0
680,NCL.2.4_1,-21.333348922893247,165.5753387919996,0
681,NCL.2.5_1,-20.699601359034954,164.51600339168937,0
682,NCL.2.6_1,-21.03302015656554,164.91444124956155,0
683,NCL.2.7_1,-21.46912014375078,165.80886371898816,0
684,NCL.2.8_1,-20.501159636118057,164.31379903278096,0
685,NCL.2.9_1,-20.41906907834836,164.4552661887757,0
686,NCL.2.10_1,-20.94778618382649,165.18641872464863,0
687,NCL.2.11_1,-21.12443551541443,165.3216895260215,0
688,NCL.2.12_1,-20.408416040566763,164.5845857138322,0
689,NCL.2.13_1,-21.170117826545155,164.9989374983507,0
690,NCL.2.14_1,-20.243292689215014,164.13732181096694,0
691,NCL.2.15_1,-21.273270474831627,165.20156676933635,0
692,NCL.2.16_1,-20.806862578935732,165.151072796281,0
693,NCL.2.18_1,-20.87550305444932,164.7410118123647,0
694,NCL.3.1_1,-21.868806418718407,166.14436307510383,0
695,NCL.3.2_1,-21.51921660254588,165.44185532853322,0
696,NCL.3.3_1,-22.144113669783568,166.51216595232898,0
697,NCL.3.4_1,-21.627372101925346,165.7531971329049,0
698,NCL.3.6_1,-21.72075113138733,165.88314650047286,0
699,NCL.3.7_1,-21.634113356022958,165.66119325677627,0
700,NCL.3.8_1,-22.282708678066783,166.73961055828147,0
701,NCL.3.9_1,-22.260484485268805,166.44768438148216,0
702,NCL.3.10_1,-22.048664715211938,166.34109949084188,0
703,NCL.3.11_1,-21.384590279429435,165.225664841362,0
704,NCL.3.12_1,-21.601546811367367,165.8210740269854,0
705,NCL.3.13_1,-21.72321126099481,166.26377372700534,0
706,NCL.3.14_1,-22.09615847148399,166.75121198733584,0
707,NZL.1.1_1,-36.70827393140578,174.7309779618136,0
708,NZL.2.1_1,-37.46969776279572,176.47926133829043,0
709,NZL.2.2_1,-38.08950960455412,176.6907199027954,0
710,NZL.2.3_1,-38.01356858281922,177.57827322941336,0
711,NZL.2.4_1,-38.22302358164786,176.32645973463053,0
712,NZL.2.5_1,-37.70965552604931,176.19332956433163,0
713,NZL.2.6_1,-37.78998719432851,176.17237318566004,0
714,NZL.2.7_1,-38.31296183248585,176.85598197425801,0
715,NZL.3.1_1,-43.650126328385284,171.40074261557405,0
716,NZL.3.2_1,-43.680907169981914,172.75920719240722,0
717,NZL.3.3_1,-42.69695861614611,172.731025445429,0
718,NZL.3.4_1,-42.198293348142414,173.6436398787902,0
719,NZL.3.5_1,-43.965145321776454,170.44731583275345,0
720,NZL.3.6_1,-43.30934542769957,171.87818316358982,0
721,NZL.3.7_1,-44.02887222758597,171.08607465968348,0
722,NZL.3.8_1,-43.24877679069053,172.31148280281766,0
723,NZL.3.9_1,-44.60937158325899,170.75929853726925,0
724,NZL.3.10_1,-44.81856182868181,170.29370848630634,0
725,NZL.5.1_1,-38.28152963207132,177.92086105690856,0
726,NZL.6.1_1,-40.02398504069806,176.52031216368073,0
727,NZL.6.2_1,-39.417272107970724,176.62683286353644,0
728,NZL.6.3_1,-39.49791742813487,176.8693450855893,0
729,NZL.6.4_1,-38.89783184922405,177.23538662863706,0
730,NZL.7.1_1,-40.58003004317429,175.3551503793974,0
731,NZL.7.2_1,-40.11360561708032,175.6973866160847,0
732,NZL.7.3_1,-40.38649375920686,175.64202844432603,0
733,NZL.7.4_1,-39.68785313477751,175.7822610270237,0
734,NZL.7.5_1,-39.10826486966463,175.3359078422666,0
735,NZL.7.6_1,-40.44404043441344,176.06225160346114,0
736,NZL.7.7_1,-39.707872077548934,175.1342342021814,0
737,NZL.8.1_1,-41.6955743065682,173.5299228564689,0
738,NZL.9.1_1,-41.2462682831561,173.39230537729526,0
739,NZL.11.1_1,-35.196576985199265,173.56549048142446,0
740,NZL.11.2_1,-35.992737923594795,174.02461953856292,0
741,NZL.11.3_1,-35.71619073215971,174.25147614471007,0
742,NZL.12.1_1,-45.15499606651739,169.59359240555105,0
743,NZL.12.2_1,-46.08713373388203,169.54689605703945,0
744,NZL.12.3_1,-45.67160654942353,170.25150605785745,0
745,NZL.12.4_1,-44.67495604433269,168.8540953158749,0
746,NZL.14.1_1,-46.071960886738104,168.9625370713563,0
747,NZL.14.2_1,-46.46888410426022,168.35765280763522,0
748,NZL.14.3_1,-45.70419262842362,167.88224450094395,0
749,NZL.15.1_1,-39.050376612962104,174.37485630347916,0
750,NZL.15.2_1,-39.53455556133902,174.4328930714574,0
751,NZL.15.3_1,-39.218438074234754,174.62170139477234,0
752,NZL.16.1_1,-41.44947070067349,172.6486436332446,0
753,NZL.17.1_1,-37.77261983164997,175.2676706204946,0
754,NZL.17.2_1,-37.331243791909685,175.60797153886818,0
755,NZL.17.3_1,-37.66899377646594,175.6636760139326,0
756,NZL.17.4_1,-38.199169491139564,175.2916484395413,0
757,NZL.17.5_1,-38.16676323520012,175.86830288760822,0
758,NZL.17.6_1,-38.81381008667892,176.04694562907198,0
759,NZL.17.7_1,-36.935853483378544,175.64285691560096,0
760,NZL.17.8_1,-37.53795030150378,175.07334887911446,0
761,NZL.17.9_1,-37.96462198715594,175.39926077291656,0
762,NZL.17.10_1,-38.45552825786762,175.0081418731054,0
763,NZL.18.1_1,-41.06507233259507,175.6203063329835,0
764,NZL.18.2_1,-40.8619136459968,175.17032413730405,0
765,NZL.18.3_1,-41.27925820539977,174.956791614016,0
766,NZL.18.4_1,-40.897083744508365,175.88371737459886,0
767,NZL.18.5_1,-41.09271363541782,174.90352587599733,0
768,NZL.18.6_1,-41.30336993253909,175.39249495173274,0
769,NZL.18.7_1,-41.078934912390494,175.1146603597518,0
770,NZL.18.8_1,-41.25603414415216,174.74993097250066,0
771,NZL.19.1_1,-41.768685940529465,172.0319454142204,0
772,NZL.19.2_1,-42.49197383739994,171.58113896914335,0
773,NZL.19.3_1,-43.551662113264904,169.9098579909982,0
774,PNG.1.1_1,-6.158490517038243,155.3830518533483,0
775,PNG.1.2_1,-5.620712406625772,154.8228803116679,0
776,PNG.1.3_1,-6.545660507596945,155.4866277614796,0
777,PNG.2.1_1,-10.048519126464306,148.87865000415695,0
778,PNG.2.2_1,-8.364700445502846,147.00510648801418,0
779,PNG.2.3_1,-8.96812760524264,147.06978484898795,0
780,PNG.2.4_1,-9.702773592930837,147.8351113736343,0
781,PNG.3.1_1,-6.205727650436195,145.15352622917462,0
782,PNG.3.2_1,-6.1963409825390645,144.8339592001464,0
783,PNG.3.3_1,-6.546562862295757,144.88568318176812,0
784,PNG.3.4_1,-5.925143353893083,144.8691567543605,0
785,PNG.3.5_1,-5.916357566599844,145.03651453989596,0
786,PNG.3.6_1,-6.089250214917002,145.02107859503084,0
787,PNG.4.1_1,-4.477186256436434,151.82373981093266,0
788,PNG.4.2_1,-4.359123042503824,152.3103340614343,0
789,PNG.4.3_1,-5.303740260537422,151.56983482962147,0
790,PNG.4.4_1,-4.1984779460439015,152.15756664340074,0
791,PNG.5.1_1,-4.344897662851801,142.30775370606628,0
792,PNG.5.2_1,-4.5035289204721005,143.76396286824416,0
793,PNG.5.3_1,-3.641120673652518,143.02656439431507,0
794,PNG.5.4_1,-3.6044036693570063,143.57585925053803,0
795,PNG.5.5_1,-4.055831952960871,143.06314437786318,0
796,PNG.5.6_1,-3.811578032700992,143.45972987141863,0
797,PNG.6.1_1,-5.978265042640071,145.23872953039933,0
798,PNG.6.2_1,-6.0358605268941075,145.3821388306306,0
799,PNG.6.3_1,-6.19957478744958,145.65436828266834,0
800,PNG.6.4_1,-6.303495613497926,145.90408909845763,0
801,PNG.6.5_1,-6.439645599871202,145.25667167211634,0
802,PNG.6.6_1,-6.841615153667872,145.77651967774275,0
803,PNG.6.7_1,-6.626270708576458,145.51888131332296,0
804,PNG.6.8_1,-6.109333774738483,145.47363972076363,0
805,PNG.7.1_1,-5.74252785057645,143.40604991758573,0
806,PNG.7.2_1,-5.259324379679679,143.88203155225077,0
807,PNG.7.3_1,-5.386914239119625,143.14993187295363,0
808,PNG.7.4_1,-5.32558898444232,143.5760611644301,0
809,PNG.7.5_1,-5.669034177160771,143.87406992780933,0
810,PNG.8.1_1,-7.772530847390953,146.06590678999007,0
811,PNG.8.2_1,-7.2721426657206,144.4683311838149,0
812,PNG.9.1_1,-6.049116690687904,143.03095788417818,0
813,PNG.9.2_1,-5.432659109809365,142.51394550521545,0
814,PNG.9.3_1,-5.794646897689022,142.9629596608668,0
815,PNG.10.1_1,-6.040300958065056,144.54548102015173,0
816,PNG.10.2_1,-5.546160811132698,144.62425468335795,0
817,PNG.10.3_1,-5.792635850493768,144.66877124270763,0
818,PNG.11.1_1,-4.383451765610859,144.92285921988747,0
819,PNG.11.2_1,-5.147331219334584,145.52055396603888,0
820,PNG.11.3_1,-4.920746870434419,144.71078722964114,0
821,PNG.11.4_1,-5.701214843742612,146.18004412670578,0
822,PNG.11.5_1,-4.755514029077687,145.6500676538966,0
823,PNG.11.6_1,-5.512788912447939,145.20676232613667,0
824,PNG.13.1_1,-10.130169942956151,149.91135851441274,0
825,PNG.13.4_1,-10.495591945058692,152.81840764668422,0
826,PNG.14.1_1,-7.438279917147945,146.8168053811467,0
827,PNG.14.2_1,-6.513619331070363,147.53836000596212,0
828,PNG.14.3_1,-7.119560390793342,146.93732664473535,0
829,PNG.14.4_1,-6.162517268069188,147.02451974594533,0
830,PNG.14.5_1,-6.683389885804995,147.0098224373956,0
831,PNG.14.6_1,-6.355751343470622,146.2637053627999,0
832,PNG.14.7_1,-7.263203188742273,146.1757064690566,0
833,PNG.14.8_1,-6.493856518179768,146.9816287619517,0
834,PNG.14.9_1,-5.907216591577595,147.5431651624649,0
835,PNG.15.1_1,-9.437765568242728,147.19332142235558,0
836,PNG.16.1_1,-2.5262415411033383,150.5347702569419,0
837,PNG.16.2_1,-3.898119849881787,152.55684479547253,0
838,PNG.17.1_1,-9.313209244760237,148.61281113670347,0
839,PNG.17.2_1,-8.540515474711713,147.7743473542599,0
840,PNG.18.1_1,-3.322914626117895,142.16293303449564,0
841,PNG.18.2_1,-3.6923013453271896,142.38097067360872,0
842,PNG.18.3_1,-4.67618862832754,141.69717876224,0
843,PNG.18.4_1,-3.429129652422752,141.34675717734746,0
844,PNG.19.1_1,-6.381959438441406,144.22493889724134,0
845,PNG.19.2_1,-6.161331373727721,143.9092539935123,0
846,PNG.19.3_1,-6.601054369072299,144.0047367945362,0
847,PNG.19.4_1,-6.030041898887394,143.64309907426852,0
848,PNG.19.5_1,-6.5164154272184,143.15811917246475,0
849,PNG.20.1_1,-5.866722401631723,149.4873625343777,0
850,PNG.20.2_1,-5.541990595744475,150.49308892202208,0
851,PNG.22.1_1,-7.222739170676964,142.2871667243868,0
852,PNG.22.2_1,-5.77383184892168,141.43695819518152,0
853,PNG.22.3_1,-8.60213006397967,141.9939917307725,0
854,PNG.21.1_1,-5.644643837856456,144.35184768508924,0
855,PNG.21.2_1,-5.837673708603,144.23780695217633,0
856,PNG.21.3_1,-5.527414899395595,144.16530540798962,0
857,PNG.21.4_1,-5.988476012752552,144.14858415970798,0
858,SLB.2.1_1,-6.984316101437239,156.79017016301304,0
859,SLB.2.2_1,-6.8297014559277525,156.78106798781084,0
860,SLB.2.3_1,-6.72657362664021,156.4941928630646,0
861,SLB.2.4_1,-7.358553906658989,157.3634123293681,0
862,SLB.2.5_1,-7.104772484943584,157.07980034344615,0
863,SLB.2.6_1,-7.256874060439273,157.29378740337194,0
864,SLB.2.7_1,-6.756042547921757,156.66626492740704,0
865,SLB.2.8_1,-7.001618841425911,157.00932935004164,0
866,SLB.2.9_1,-6.908014903831409,156.89328713220888,0
867,SLB.2.10_1,-6.667132434520754,156.54697339798173,0
868,SLB.2.11_1,-6.865672729883287,156.6652215151318,0
869,SLB.2.12_1,-7.2095124314698875,157.02723854015008,0
870,SLB.2.13_1,-7.087693452306479,156.89234718394022,0
871,SLB.3.1_1,-9.53353847261311,160.45537326066264,0
872,SLB.3.2_1,-9.784543596652188,160.3808729312212,0
873,SLB.3.3_1,-9.805156274514186,160.7499994594219,0
874,SLB.3.4_1,-9.738240092945894,159.95883576050872,0
875,SLB.3.5_1,-9.471139780375974,160.21569964647944,0
876,SLB.3.6_1,-9.473743657323011,160.3025620381557,0
877,SLB.3.7_1,-9.655896513006308,160.39621069759804,0
878,SLB.3.8_1,-9.637772519705086,160.62211937400033,0
879,SLB.3.9_1,-9.564782230393476,160.01403695066077,0
880,SLB.3.10_1,-9.884914418070299,160.55513477302486,0
881,SLB.3.11_1,-9.57014720191281,160.32612795788495,0
882,SLB.3.12_1,-9.326586200869759,159.7211133940671,0
883,SLB.3.13_1,-9.39368740543058,159.64168728435473,0
884,SLB.3.14_1,-9.770468473432363,160.21756222784308,0
885,SLB.3.15_1,-9.461397171983856,159.84892303962954,0
886,SLB.3.16_1,-9.564474826881188,159.71666273539867,0
887,SLB.3.17_1,-9.823237167365225,160.60614913846433,0
888,SLB.3.18_1,-9.70001902070484,160.53415348262516,0
889,SLB.3.19_1,-9.771890401771744,160.10099084524214,0
890,SLB.3.20_1,-9.630620056148802,160.18173856295337,0
891,SLB.3.21_1,-9.692902906975574,159.81910932797555,0
892,SLB.3.22_1,-9.456587640679617,160.14955547279024,0
893,SLB.4.1_1,-9.43186792502907,159.95440793994075,0
894,SLB.4.2_1,-9.448309174362672,159.9705419767341,0
895,SLB.4.3_1,-9.435864441724899,159.97910858248588,0
896,SLB.4.4_1,-9.44702070464705,159.9610793750775,0
897,SLB.4.5_1,-9.440207116981886,159.94423025027535,0
898,SLB.4.6_1,-9.433617431857433,159.9816384575004,0
899,SLB.4.7_1,-9.432786213936794,159.92869078198817,0
900,SLB.4.8_1,-9.436255789772225,160.0020214871388,0
901,SLB.4.9_1,-9.43263022719325,159.94572839592374,0
902,SLB.4.10_1,-9.437941449231545,159.9568624873177,0
903,SLB.4.11_1,-9.437048451285493,159.96393993463283,0
904,SLB.4.12_1,-9.445577873733676,159.98388597751259,0
905,SLB.5.1_1,-8.142827639246102,159.582705920262,0
906,SLB.5.2_1,-7.7285427549829855,158.82470765496444,0
907,SLB.5.3_1,-8.116003565125812,159.45339161146268,0
908,SLB.5.4_1,-8.472038440679533,159.6582358417088,0
909,SLB.5.5_1,-8.321676795766729,159.8058183515866,0
910,SLB.5.6_1,-7.569814749836712,158.44104529063821,0
911,SLB.5.7_1,-8.29152862101452,159.69458441491216,0
912,SLB.5.8_1,-8.004845373166166,159.23811846318162,0
913,SLB.5.9_1,-8.295496324985937,159.588340504885,0
914,SLB.5.10_1,-8.373133918942344,159.57171285527278,0
915,SLB.5.11_1,-8.229127598727644,159.6374512789223,0
916,SLB.5.12_1,-7.934694671033149,158.93616910835914,0
917,SLB.5.13_1,-8.486698846986899,159.82446522052615,0
918,SLB.5.14_1,-8.216350491169914,159.39704332444452,0
919,SLB.5.15_1,-8.363949045387123,159.75254966317877,0
920,SLB.5.16_1,-8.187905046276933,159.546568266826,0
921,SLB.6.1_1,-10.289230616569942,161.50217250604328,0
922,SLB.6.2_1,-10.239940975881002,161.3946507827244,0
923,SLB.6.3_1,-10.321728445959405,161.39679166089607,0
924,SLB.6.4_1,-10.252826758068327,161.30626548307154,0
925,SLB.6.5_1,-10.502432084648241,161.90960044131458,0
926,SLB.6.6_1,-10.569487747699196,161.97669718870569,0
927,SLB.6.7_1,-10.46563430317134,161.72580994867337,0
928,SLB.6.8_1,-10.508504314972425,161.5928919750623,0
929,SLB.6.10_1,-10.708698283566244,161.97452015557806,0
930,SLB.6.14_1,-10.736255054890828,162.2215023136269,0
931,SLB.6.15_1,-10.773843970464231,162.12338206989887,0
932,SLB.6.17_1,-10.602674907191433,162.12870443294128,0
933,SLB.6.18_1,-10.577903751339601,162.06659905938284,0
934,SLB.6.19_1,-10.669822917890434,161.80351966261685,0
935,SLB.7.1_1,-9.595610715995504,161.52904099774358,0
936,SLB.7.2_1,-9.117187176878826,161.13003289406845,0
937,SLB.7.3_1,-8.754388750977357,160.74405029951325,0
938,SLB.7.4_1,-9.343029225241812,161.24748743203975,0
939,SLB.7.5_1,-9.620447847102843,161.47139552885096,0
940,SLB.7.7_1,-8.6984475461775,160.74592686748485,0
941,SLB.7.8_1,-8.50594951327768,160.84122097260305,0
942,SLB.7.9_1,-8.632436858534597,160.76018358635756,0
943,SLB.7.10_1,-8.814093202958421,160.87999509094357,0
944,SLB.7.11_1,-8.390616614871403,160.62804961313327,0
945,SLB.7.12_1,-8.107804855980914,160.70855781775754,0
946,SLB.7.13_1,-8.877316140457484,160.941107413635,0
947,SLB.7.14_1,-8.833073581017667,160.78253125004167,0
948,SLB.7.15_1,-9.120839883127449,160.9411151386462,0
949,SLB.7.18_1,-8.340411321966819,160.5753992652001,0
950,SLB.7.19_1,-8.459569577425606,160.71253637645404,0
951,SLB.7.20_1,-9.473077089743832,161.28704730218902,0
952,SLB.7.21_1,-8.398014979242692,160.70223685675657,0
953,SLB.7.22_1,-8.735071679547575,160.8895469755859,0
954,SLB.7.24_1,-9.461063290845688,161.4183391484252,0
955,SLB.7.25_1,-9.02230782661191,160.87966817209318,0
956,SLB.7.27_1,-8.619071605326056,160.908071184329,0
957,SLB.7.28_1,-8.512600626959332,160.90189755332406,0
958,SLB.7.29_1,-9.242468228262885,161.06316676139636,0
959,SLB.7.30_1,-8.400666808135346,160.76759031774372,0
960,SLB.7.31_1,-8.958120218438317,161.03282240810458,0
961,SLB.7.32_1,-8.925907995090627,160.82668708953935,0
962,SLB.7.33_1,-8.547956242744956,160.76761911492537,0
963,VUT.1.1_1,-16.174258206907936,167.43351575371878,0
964,VUT.1.3_1,-15.964090797284785,167.30201788448682,0
965,VUT.1.4_1,-16.047153444341255,167.24075548151106,0
966,VUT.1.7_1,-16.323429133698045,167.6593582142788,0
967,VUT.1.8_1,-16.464573661700257,167.723459993572,0
968,VUT.1.9_1,-16.41424190430922,167.51185802619736,0
969,VUT.3.1_1,-15.511593167187359,167.12337691126874,0
970,VUT.3.2_1,-15.684102984678695,167.19460145539583,0
971,VUT.3.3_1,-15.156477172984232,167.06181040206164,0
972,VUT.3.4_1,-15.510673552550692,167.1829527200544,0
973,VUT.3.5_1,-15.125361206077178,166.8162726963316,0
974,VUT.3.6_1,-14.881026054034928,166.62457446944038,0
975,VUT.3.7_1,-15.386232985298353,167.13143261981838,0
976,VUT.3.8_1,-15.548492633498109,166.88065137518302,0
977,VUT.3.9_1,-15.675577874593706,167.11905110159742,0
978,VUT.3.10_1,-15.341119416854646,166.7823877301944,0
